2438586
2036436
3960073
774565
715323
1782332
756840
3391546
1493201
225466
1648779
1257415
1129053
4500019
1322804
440012
941569
402195
3818954
737931
1109120
536619
434939
301857
1830468
171591
228062
636132
2096146
724254
3414541
2137661
3708724
797400
206450
2184906
1845990
705877
265052
1971038
2654335
486841
525395
1935345
222278
1515913
2435539
287216
1451717
3430166
1173773
3330796
1599341
2356613
812223
1365473
214072
517999
3183372
2999216
694908
839391
700277
126957
3357463
1338854
999369
3557038
3730298
1080372
3587387
2150719
742466
1551367
3988049
4220699
473833
278263
1982475
221646
806911
1735531
521088
3325457
2451310
1045383
2111868
1676377
1089326
2150389
661218
818018
343705
9776
1731902
43365
946163
612044
3165510
322382
2617581
1196573
51728
342367
3720407
1711241
1637715
316216
532933
900409
1951620
1217644
828243
3355494
2730437
3688798
1329114
2764216
876355
1460844
2687368
3511366
509219
1090598
3072148
373351
841637
729085
278090
3123097
2280823
944042
1781947
2329548
486910
1835522
1257631
1497192
518907
323694
266043
748540
2150557
2280993
1099683
1855383
2130937
2149222
1739914
1686411
569869
1417129
467658
323023
1751450
1337480
1338085
26685
2124699
1975471
114176
215688
10031
2799566
408197
317489
2307715
197420
1331571
4208400
2915535
1166414
2386352
3529719
2020201
1401530
258994
3931498
433671
1331698
1605614
1783361
3701329
475994
271489
1386715
2191610
745141
2950422
849055
1657377
2982658
944810
1035007
2614061
2099183
3132285
