2438586
2036436
3960073
774565
715323
1782332
756840
3391546
1493201
225466
1648779
1257415
1129053
4500019
1322804
440012
941569
402195
3818954
737931
1109120
536619
434939
301857
1830468
171591
228062
636132
2096146
724254
3414541
2137661
3708724
797400
206450
2184906
1845990
705877
265052
1971038
2654335
486841
525395
1935345
222278
1515913
2435539
287216
1451717
3430166
1173773
3330796
1599341
2356613
812223
1365473
214072
517999
3183372
2999216
694908
839391
700277
126957
3357463
1338854
999369
3557038
3730298
1080372
3587387
2150719
742466
1551367
3988049
4220699
473833
278263
1982475
221646
806911
1735531
521088
3325457
2451310
1045383
2111868
1676377
1089326
2150389
661218
818018
343705
9776
1731902
43365
946163
612044
3165510
322382
2617581
1196573
51728
342367
3720407
1711241
1637715
316216
532933
900409
1951620
1217644
828243
3355494
2730437
3688798
1329114
2764216
876355
1460844
2687368
3511366
509219
1090598
3072148
373351
841637
729085
278090
3123097
2280823
944042
1781947
2329548
486910
1835522
1257631
1497192
518907
323694
266043
748540
2150557
2280993
1099683
1855383
2130937
2149222
1134271
94280
2024178
540317
788692
868929
605366
2789251
796064
1637029
1865707
435835
1402797
372531
1923195
243870
202397
1801568
2958301
950795
2396070
2679549
2200864
1481704
3240814
1133714
1251871
944691
3620182
2717993
833993
1403328
4254578
186346
2273359
712072
1685986
477989
3183967
1170732
1379908
1494135
955005
702132
1948007
2075545
471705
3741731
883633
183338
760519
920118
481481
2896517
1575336
661031
1566322
1847966
1425278
1252446
2176537
1609237
2409881
1056733
3733914
2148382
176990
3188323
926261
1258236
4174610
2550656
3837079
4574217
3948452
48211
1734145
1572607
761098
2613761
3522204
1032934
388894
1948132
274465
857023
1675083
483199
4400847
1855099
1943428
4540472
3548574
2335803
4558695
76178
601621
2941057
336362
3562523
1779813
3697474
744255
2904580
2813293
1433779
936170
122637
3714571
2014282
765609
3009533
890022
4173022
2545265
1844063
3175260
1657180
2953696
1440351
886105
2085581
1951141
2247371
80378
1751270
314875
149024
4538962
2712636
2319386
3133415
777326
189797
295023
765604
3790838
3032545
1275883
2963584
359982
3808571
777345
1769913
926867
47767
2380052
1019582
62488
447866
1423667
899643
2219473
3111293
1307732
3292421
1537392
4109541
916347
1248045
324659
664872
3051815
3507356
