65125
1148572
3161845
2580572
323612
1320773
2680486
83964
1677003
1620870
125649
2520947
953687
2314689
855064
2022960
2909474
499096
4070533
412307
3372535
2225078
295390
3821263
1957483
1588605
240667
3111967
1536412
2192975
1309464
1809648
1695905
2249288
131507
1691493
4571238
605110
527092
408770
465098
2774596
1752566
1225230
376100
1797784
3264722
2775534
2823642
3072426
3115076
1147395
795567
35357
1023797
327312
409478
1612656
982047
679313
246235
3847782
3193726
290046
611546
236898
811376
2295794
507954
1529137
3381759
2805613
356710
1045623
550528
1484814
385816
1482195
385196
2274422
215095
414054
1566148
592418
918324
765048
1921623
3255563
386678
2615246
598627
2186439
695584
355984
385941
1808767
1326968
