665464
1212337
2903323
827602
2883798
242435
88342
233781
2922858
1287230
2924962
831737
4381943
962969
189384
206053
1526360
425719
1107872
1106490
549011
3254347
217007
2878023
440472
4393572
1984159
1497146
549712
3296657
3990488
2117932
1399231
2077821
3494383
3207687
2360014
3026612
106444
1621700
1813291
1441747
2262104
2866862
3012387
3948177
4315441
1428447
2370896
2805426
760914
1692799
1115701
2880790
1148610
2662447
1925363
1925872
710278
689500
427172
1102570
1427513
4464437
3488681
