3759879
377349
586388
507616
1560989
1537086
1037223
383765
2166498
1577306
2145695
1683809
1477330
2639656
1272056
1098155
1360434
550428
1340711
557254
4128564
334196
1185001
1612541
852720
1472962
1405184
1932098
1228354
1273052
83131
1741782
1073932
706519
2492546
2302569
589359
2181226
1164866
2044148
1470759
2568747
2734474
768375
462700
1915821
2900016
585674
340624
194515
2078476
3494533
3363417
4019818
3894840
2040532
1917393
2098095
291168
4456704
3241448
1867579
2242476
348619
194548
2784092
1139456
1228434
1681361
3298053
1343240
62897
1383822
1625117
1865347
1656494
1109147
976898
2272235
3025595
1533548
205382
747988
4212654
1789476
500144
302990
955914
693959
3941997
57043
2360402
1691724
501662
1133944
3882735
1132455
779910
1809648
2532253
905055
303247
1204086
493291
4496821
2712580
244994
2198030
1502746
897384
1545815
862389
215772
139747
1959140
528650
