1105926
678205
1391153
368111
801271
3558290
4340440
1879628
3335017
2137423
710581
679396
383965
463788
562091
317857
1080190
1552828
4240311
168820
782502
1212366
782756
1891212
1135093
1593955
1376547
499656
1619888
3246804
3681115
3417772
30393
413638
3176163
2252139
975319
334960
3127616
928148
3106230
2065650
601286
439525
661042
2603559
357116
213906
385477
1403449
1651225
884665
1637317
120439
2330639
1629892
1121309
2614633
333216
2912004
2378069
2620151
1044542
330333
2985722
1648711
2320415
1428464
264116
813188
897096
1122562
1271652
940841
668882
2614547
2196444
22691
3479002
