1819450
988141
864186
50754
698597
1776704
814391
758698
287039
325660
315896
1793675
1844823
2072772
303862
479618
1094665
1187335
3591143
723371
3224589
303603
232229
466671
1764303
579850
1530102
4523378
404519
2382792
3800761
1849435
381982
4029480
2376364
1374534
3920506
926560
2737589
2482293
3229949
1399068
912037
1610075
3182715
2910941
2784302
511704
722671
528696
2408297
153359
301528
467887
573540
3274052
2938074
1796996
3674313
1964699
886537
735089
986716
192793
2481966
203021
1538675
852283
261564
764103
574648
619945
3198801
3035754
3819631
2298511
543808
3347220
1134271
1799970
1506370
1973018
191209
1379172
2056051
704450
257005
1865707
435835
229632
1277468
36498
2128300
919709
3110634
3619076
772579
1496308
1503610
1661769
1061055
198026
926898
2097410
958732
4558573
3372226
1685986
3183967
1962011
955807
2871533
231207
1156243
2311078
1475905
358318
3094744
2397309
471531
2659085
902129
2699407
1795070
2677468
2857817
1947291
400684
619591
385318
1639333
1150497
23383
1532925
3316517
136523
2403319
3000156
