766897
2518556
983328
60488
1667638
1677271
429403
1325884
946472
771063
180485
2588238
279032
386459
2118857
1242131
857593
2637637
231619
99996
848997
202453
492299
2136800
131011
1348407
2913325
725148
165943
2910914
682221
4254116
303652
1506370
1973018
1792483
1315109
705217
2056051
3231752
1164551
486980
148504
1402705
3244605
1142519
2210543
2960525
4087235
970397
962299
498519
1047043
137542
788402
979671
1587915
4188679
1005536
825403
4534981
852937
229632
373495
1339781
55731
205503
1851623
2152167
2393893
3110634
1526018
1515476
513643
348170
3011526
1364483
4102652
1751037
3490678
231207
860633
3262119
231448
237461
852283
74828
930093
4221586
491384
1210779
