588300
202780
969487
15529
2881260
2814394
1902713
228923
595750
201040
2422770
2095844
412848
3768642
3329459
1288330
189393
797722
1655656
2131310
3040274
1062810
544615
1695083
1742755
3763106
461732
3423366
970851
2230140
1689345
1214343
104571
1454761
1178031
195754
4294340
564302
2345962
1441489
1207726
341470
894540
263963
1988635
795105
1770660
299074
2344008
1167073
3673687
1983070
563430
2175648
1194407
1158611
3141780
582612
1423727
1679634
108071
2199549
2795742
1732012
3529944
327190
267168
1306767
549675
3769048
175121
2628351
2292114
900920
1605595
2782380
194106
1604247
2120294
626652
3214142
1707139
2034828
1686986
3706115
2604484
1144654
2333757
213152
863388
2115437
682427
4279135
2654769
60970
2601039
1002789
776705
596533
1909728
1763093
1085840
548599
45216
2556599
2741060
511644
1315521
4001433
539232
708134
3651485
1342591
1022205
681766
3823079
3589866
2546144
83420
271196
2297810
2145252
3983719
439917
3036009
1277468
1780243
2097410
83914
3654780
1034195
4473943
81879
3133339
